102812058
1308232073
261172207
414194448
287209285
256170572
4926134240
261199942
28358888
315582813
261264527
1655457009
4081947278
258967486
261113958
350982370
266485992
5891694372
294178151
737123209
261163653
315576439
305896645
256170556
2596258151
294178233
256170708
308442772
48991450
1445194506
261132031
261174786
261223364
261131925
258965972
261292497
2395940339
256171157
353785883
261184672
294177430
102825447
418456252
418474970
346052328
26794545
5893614977
261221005
4108993957
261184594
5970470789
104493217
261250098
287209290
261163671
4332681657
261170716
253960280
305282003
5893657326
5885271791
102708213
261207103
353782607
6969680327
2896388410
261209682
27440218
250278912
286476543
5885340795
294177835
286900099
619626857
261163631
256170783
102713547
261200017
250278972
261216632
418457154
4081947339
256181083
261131904
5753373518
306057289
26817976
453133344
310336168
293815938
256170567
5891282467
261253128
158733110
261297767
369630919
3127044395
256170756
261163697
261131893
261120594
2480840764
35034250
256170580
29412098
4081947069
261151785
261220999
261172147
316335120
287209507
5906917261
26817974
6436642939
261220907
4533253081
256170816
261250342
538527489
261223351
316160693
306082701
104509538
540555872
261292549
26794549
261150060
35313351
289549956
261216649
158736274
364998372
33718424
105254021
6436744928
261132894
1257584228
540555871
158730531
261154846
35313343
3740681139
526194637
261170338
261200025
256170566
310336195
3632065706
305901689
